
0.0000000000002292
0.0000000000003606
0.0000000000004237
0.0000000000001501
0.0000000000001208
0.0000000000001292
0.0000000000001794
0.0000000000000400
0.0000000000000480
0.0000000000000560
0.0000000000000533
0.0000000000000444
0.0000000000000449
0.0000000000000466
0.0000000000000178
0.0000000000000626
0.0000000000000484
0.0000000000000480
0.0000000000000417
0.0000000000000400
0.0000000000000338
0.0000000000000395
0.0000000000000417
0.0000000000000409
0.0000000000000431
0.0000000000000444
0.0000000000000386
0.0000000000000320
0.0000000000000249
0.0000000000000195