0.0000000000006333
0.0000000000002292
0.0000000000003606
0.0000000000004237
0.0000000000001492
0.0000000000001208
0.0000000000001288
0.0000000000001794
0.0000000000000400
0.0000000000000480
0.0000000000000555
0.0000000000000542
0.0000000000000440
0.0000000000000444
0.0000000000000471
0.0000000000000182
0.0000000000000622
0.0000000000000488
0.0000000000000480
0.0000000000000426
0.0000000000000400
0.0000000000000338
0.0000000000000338
0.0000000000000391
0.0000000000000417
0.0000000000000400
0.0000000000000426
0.0000000000000440
0.0000000000000391
0.0000000000000329
0.0000000000000249
0.0000000000000195